18123
32
36
76
121
138
147
219
261
324
420
445
460
520
562
613
659
692
708
926
1297
1403
1439
1440
1536
1583
1685
1705
1738
1805
1877
1946
2108
2287
2594
2615
2801
2815
2894
2960
2972
2977
3004
3014
3016
3069
3108
3343
3375
3654
3827
3978
4011
4127
4130
4194
4264
4359
4541
4860
4882
4965
5017
5087
5096
5144
5171
5172
5277
5636
5705
5737
5835
5898
5919
5940
6066
6114
6245
6279
6296
6349
6364
6386
6492
6563
6660
6674
6791
6927
6954
6970
6985
7014
7098
7173
7187
7203
7485
7563
7569
7631
7657
7702
7731
7799
7862
7903
7907
7974
8252
8376
8393
8476
8500
8621
8622
8670
8743
8798
8894
8961
9036
9193
9350
9365
9449
9787
9858
9881
9956
10047
10314
10338
10398
10517
10531
10561
10606
10620
10630
10651
10834
10853
10944
11051
11101
11139
11178
11182
11241
11250
11328
11369
11398
11430
11540
11562
11572
11623
11704
11708
11732
11908
11920
11935
12081
12121
12135
12227
12384
12448
12516
12733
12752
12825
12848
12856
12858
12984
13029
13086
13097
13174
13285
13291
13410
13419
13444
13501
13605
13642
13668
13731
13767
13784
13810
13826
14009
14010
14088
14151
14210
14346
14471
14567
14573
14657
14726
14732
15120
15130
15249
15256
15346
15505
15619
15798
15856
15944
15958
16000
16106
16700
16720
16753
16816
16870
16920
16963
17076
17159
17421
17494
17709
17747
17927
18192
18380
18456
18527
18641
18664
18725
18804
18812
18817
18914
18915
18943
19054
19155
19171
19274
19286
19339
19370
19379
19478
19531
19627
19656
19677
19692
19926
