8897
8916
8948
8966
8967
8988
9025
9032
9042
9117
9143
9147
9178
9202
9224
9255
9274
9284
9295
9315
9342
9355
9360
9371
9386
9412
9438
9465
9481
9496
9498
9500
9519
9534
9544
9568
9578
9607
9620
9632
9648
9705
9717
9751
9760
9769
9790
9797
9807
9837
9853
9877
9894
9917
9949
9966
9967
9980
9983
10015
10018
10035
10037
10094
10151
10178
10183
10204
10216
10230
10267
10290
10308
10310
10325
10337
10362
10369
10375
10397
10407
10425
10433
10459
10477
10542
10545
10556
10560
10577
10591
10616
10649
10714
10738
10747
10750
10751
10753
10763
10786
10795
10819
10850
10873
10900
10957
10960
10986
11008
11020
11039
11053
11058
11113
11126
11166
11225
11228
11231
11297
11300
11310
11340
11354
11355
11373
11396
11427
11439
11442
11458
11487
11523
11530
11531
11536
11573
11596
11613
11619
11624
11650
11662
11719
11723
11747
11802
11811
11822
11826
11840
11952
11955
11967
11991
11994
12010
12026
12103
12108
12112
12115
12125
12137
12141
12147
12159
12189
12202
12283
12295
12303
12333
12409
12454
12466
12546
12557
12563
12583
12592
12616
12631
12633
12642
12649
12667
12680
12681
12685
12698
12700
12718
12732
12756
12783
12784
12801
12859
12892
12893
12915
12930
12936
12968
12976
12995
13018
13057
13060
13082
13098
13110
13119
13201
13205
13221
13226
13231
13249
13263
13265
13270
13309
13325
13342
13343
13354
13364
13369
13378
13380
13450
13455
13456
13460
13562
13590
13599
13610
13622
13636
13649
13653
13655
13660
13662
13675
13680
13701
13710
13727
13783
13807
13813
13872
13880
13923
13940
13941
13948
13961
13965
13993
14004
14011
14012
14081
14087
14097
14127
14130
14145
14153
14212
14251
14252
14275
14287
14337
14354
14359
14372
14377
14380
14399
14404
14411
14449
14476
14481
14497
14516
14522
14532
14580
14582
14584
14621
14625
14639
14652
14675
14709
14731
14736
14830
14831
14862
14876
14884
14889
14938
14955
14986
15011
15013
15109
15127
15135
15143
15148
15160
15169
15209
15232
15236
15251
15262
15267
15278
15300
15308
15352
15374
15376
15384
15388
15393
15420
15440
15451
15484
15503
15531
15547
15610
15624
15631
15704
15717
15734
15769
15774
15782
15799
15810
15812
15859
15912
15924
15930
15942
15982
15991
15995
16017
16024
16052
16105
16112
16145
16146
16158
16206
16222
16286
16287
16302
16324
16326
16328
16352
16369
16371
16400
16420
16430
16432
16439
16448
16462
16473
16492
16509
16531
16532
16542
16567
16574
16584
16628
16654
16670
16690
16692
16699
16712
16727
16734
16764
16787
16799
16810
16819
16832
16846
16862
16886
16903
16910
16952
16972
17003
17024
17053
17061
17066
17068
17082
17086
17088
17095
17097
17115
17118
17158
17194
17202
17217
17223
17237
17242
17253
17327
17336
17355
17373
17405
17407
17420
17458
17479
17481
17497
17513
17580
17588
17596
17603
17676
17701
17719
17725
17740
17777
17798
17813
17847
17860
17895
17914
17952
17956
17983
17990
17991
17993
18005
18031
18070
18093
18114
18124
18169
18182
18203
18210
18252
18263
18275
18295
18329
18370
18406
18410
18420
18426
18444
18451
18473
18474
18492
18548
18562
18579
18597
18623
18628
18653
18663
18674
18686
18710
18711
18716
18747
18762
18771
18792
18835
18857
18881
18888
18907
18937
18946
18949
18986
19019
19046
19068
19138
19141
19151
19163
19168
19173
19201
19247
19266
19267
19351
19445
19448
19451
19519
19555
19589
19590
19613
19661
19662
19676
19690
19691
19705
19721
19722
19726
19744
19771
19777
19788
19834
19837
19874
19881
19913
19931
19936
19942
19960
