32
36
76
121
138
147
219
261
324
420
445
460
520
562
613
659
692
708
926
1297
1403
1439
1440
1536
1583
1685
1705
1738
1805
1877
1946
2108
2287
2594
2615
2801
2815
2894
2960
2972
2977
3004
3014
3016
3069
3108
3343
3375
3654
3827
3978
4011
4127
4130
4194
4264
4359
4541
4860
4882
4965
5017
5087
5096
5144
5171
5172
5277
5636
5705
5737
5835
5898
5919
5940
6066
6114
6245
6279
6296
6349
6364
6386
6492
6563
6660
6674
6791
6927
6954
6970
6985
7014
7098
7173
7187
7203
7485
7563
7569
7631
7657
7702
7731
7799
7862
7903
7907
7974
8252
8376
8393
8476
8500
8621
8622
8670
8743
8798
