7789
216
342
429
435
786
1155
1295
1336
1441
1578
1596
1818
2110
2295
2633
2643
2725
3013
3255
3328
3341
3513
3562
3577
3767
3896
3933
3979
3998
4462
4763
5027
5038
5232
5278
5437
5463
5483
5589
5608
5634
5860
5930
6022
6321
6325
6434
6720
6722
6902
6909
7211
7261
7529
7779
7901
7954
8073
8273
8288
8357
8373
8545
8601
8641
8962
9006
9037
9253
9330
9617
9623
9654
9655
9761
9859
10100
10117
10142
10352
10422
10550
10758
10855
10892
11312
11508
11569
12184
12252
12365
12383
12416
12548
12601
12608
12831
13185
13301
13409
14276
14530
14995
15034
15053
15152
15677
15707
16200
16270
16515
16596
16800
17091
17148
17221
17376
17437
17516
17628
17693
17775
18040
18236
18760
18917
18998
19126
19263
19283
19444
19652
19824
