9054
9101
9408
9561
9594
9597
9680
9893
10016
10155
10190
10207
10243
10296
10546
10605
10740
10772
10895
11018
11108
11133
11257
11303
11440
11614
11634
11646
11671
11684
12082
12237
12272
12465
13023
13638
13855
13921
13999
14110
14162
14286
14468
14653
14682
14905
14951
14977
15359
15523
15656
15776
15808
15951
15961
16010
16110
16348
16554
16739
16759
16904
17099
17269
17285
17625
17732
17742
17792
17807
17863
17871
17879
18214
18287
18463
18646
18795
18818
18894
18931
19099
19134
19280
19343
19365
19513
19570
19608
19728
19766
