8339
15
20
31
56
57
80
84
125
144
157
244
262
285
294
322
345
402
405
410
433
443
464
465
475
490
532
537
541
583
588
598
599
687
694
704
719
798
804
821
823
853
857
864
879
882
893
898
917
998
1008
1016
1026
1096
1126
1135
1142
1149
1159
1207
1240
1242
1254
1273
1282
1305
1308
1315
1323
1342
1375
1428
1520
1539
1550
1553
1554
1581
1610
1611
1622
1626
1632
1691
1698
1702
1735
1778
1793
1821
1822
1831
1833
1842
1868
1879
1884
1889
1905
1962
1963
1964
2001
2013
2035
2039
2042
2054
2069
2088
2095
2117
2121
2133
2145
2147
2160
2172
2187
2191
2225
2235
2236
2281
2288
2296
2301
2314
2320
2330
2353
2383
2398
2401
2404
2405
2426
2447
2452
2473
2485
2487
2500
2502
2567
2572
2589
2592
2603
2634
2640
2647
2653
2682
2689
2712
2724
2735
2750
2780
2785
2805
2810
2821
2822
2823
2825
2839
2840
2851
2892
2900
2912
2916
2918
2926
2952
3000
3017
3036
3045
3059
3076
3083
3090
3184
3187
3197
3200
3226
3237
3246
3267
3292
3315
3322
3348
3362
3376
3378
3381
3397
3400
3442
3445
3479
3503
3507
3537
3606
3614
3659
3689
3695
3696
3697
3699
3719
3755
3762
3771
3863
3871
3876
3895
3900
3910
3949
3966
4016
4025
4031
4079
4105
4107
4148
4175
4177
4235
4237
4245
4248
4253
4254
4271
4298
4308
4382
4386
4405
4424
4428
4430
4454
4509
4525
4555
4558
4604
4610
4639
4650
4655
4662
4672
4681
4688
4700
4702
4715
4747
4853
4855
4966
4980
4986
5006
5064
5078
5089
5100
5108
5131
5134
5140
5187
5279
5283
5297
5300
5350
5393
5407
5408
5412
5428
5441
5444
5450
5487
5491
5497
5526
5640
5652
5674
5681
5690
5696
5714
5716
5722
5730
5750
5797
5803
5820
5839
5852
5864
5868
5871
5927
5928
5937
5941
5954
5980
6005
6030
6041
6056
6064
6065
6074
6080
6088
6093
6096
6124
6160
6215
6248
6254
6261
6270
6276
6280
6308
6333
6383
6385
6405
6408
6428
6458
6472
6478
6488
6494
6500
6523
6524
6537
6555
6560
6566
6601
6604
6617
6618
6620
6628
6635
6693
6711
6745
6764
6769
6789
6812
6848
6858
6882
6892
6896
6901
6903
6953
6969
6999
7029
7032
7076
7081
7095
7112
7116
7120
7133
7139
7150
7189
7210
7219
7221
7227
7240
7242
7286
7297
7327
7334
7351
7362
7378
7381
7387
7390
7401
7408
7410
7426
7436
7533
7538
7568
7648
7656
7670
7674
7677
7717
7718
7730
7762
7785
7842
7843
7868
7934
7942
7951
8017
8018
8048
8054
8058
8071
8089
8108
8109
8112
8174
8194
8200
8205
8218
8232
8255
8256
8297
8318
8338
8378
8418
8424
8432
8438
8447
8453
8463
8467
8468
8516
8520
8554
8556
8564
8575
8584
8593
8636
8646
8664
8678
8679
8688
8717
8783
8797
8800
8802
8812
8828
8839
8858
8871
8875
