8846
27
60
639
759
837
910
914
915
1124
1279
1364
1652
1660
1704
1794
1937
2143
2368
2635
2676
2697
2968
3024
3027
3094
3106
3901
3977
4075
4160
4360
4711
4745
5529
5555
5656
5740
5768
5785
6042
6191
6274
6779
6895
6950
7089
7252
7276
7536
7577
7593
7595
7651
7747
7972
8700
8775
9054
9101
9408
9561
9594
9597
9680
9893
10016
10155
10190
10207
10243
10296
10546
10605
10740
10772
10895
11018
11108
11133
11257
11303
11440
11614
11634
11646
11671
11684
12082
12237
12272
12465
13023
13638
13855
13921
13999
14110
14162
14286
14468
14653
14682
14905
14951
14977
15359
15523
15656
15776
15808
15951
15961
16010
16110
16348
16554
16739
16759
16904
17099
17269
17285
17625
17732
17742
17792
17807
17863
17871
17879
18214
18287
18463
18646
18795
18818
18894
18931
19099
19134
19280
19343
19365
19513
19570
19608
19728
19766
