226.735503228 1
227.361029687 0
227.986556146 1
228.612082605 1
229.237609065 2
229.863135524 1
230.488661983 5
231.114188442 5
231.739714901 7
232.36524136 10
232.99076782 5
233.616294279 9
234.241820738 20
234.867347197 29
235.492873656 33
236.118400115 41
236.743926574 39
237.369453034 45
237.994979493 62
238.620505952 78
239.246032411 87
239.87155887 95
240.497085329 139
241.122611788 137
241.748138248 148
242.373664707 179
242.999191166 204
243.624717625 198
244.250244084 241
244.875770543 278
245.501297002 284
246.126823462 302
246.752349921 336
247.37787638 371
248.003402839 362
248.628929298 366
249.254455757 406
249.879982217 402
250.505508676 479
251.131035135 400
251.756561594 430
252.382088053 394
253.007614512 424
253.633140971 432
254.258667431 394
254.88419389 397
255.509720349 414
256.135246808 348
256.760773267 352
257.386299726 345
258.011826186 291
258.637352645 318
259.262879104 318
259.888405563 256
260.513932022 266
261.139458481 217
261.76498494 198
262.3905114 181
263.016037859 170
263.641564318 149
264.267090777 140
264.892617236 120
265.518143695 127
266.143670154 110
266.769196614 84
267.394723073 93
268.020249532 81
268.645775991 72
269.27130245 57
269.896828909 57
270.522355369 35
271.147881828 35
271.773408287 34
272.398934746 27
273.024461205 17
273.649987664 16
274.275514123 15
274.901040583 19
275.526567042 15
276.152093501 5
276.77761996 9
277.403146419 9
278.028672878 7
278.654199337 1
279.279725797 5
279.905252256 5
280.530778715 4
281.156305174 1
281.781831633 2
282.407358092 0
283.032884551 0
283.658411011 1
284.28393747 1
284.909463929 1
285.534990388 3
286.160516847 1
286.786043306 0
287.411569766 1
288.037096225 0
288.662622684 3
