223.573123184 1
224.228517631 0
224.883912077 0
225.539306524 0
226.194700971 0
226.850095418 2
227.505489864 1
228.160884311 1
228.816278758 0
229.471673205 2
230.127067651 2
230.782462098 6
231.437856545 4
232.093250991 8
232.748645438 8
233.404039885 13
234.059434332 15
234.714828778 26
235.370223225 32
236.025617672 42
236.681012119 52
237.336406565 64
237.991801012 67
238.647195459 112
239.302589906 103
239.957984352 151
240.613378799 173
241.268773246 176
241.924167692 207
242.579562139 218
243.234956586 299
243.890351033 296
244.545745479 324
245.201139926 362
245.856534373 423
246.51192882 422
247.167323266 445
247.822717713 484
248.47811216 482
249.133506606 550
249.788901053 536
250.4442955 526
251.099689947 553
251.755084393 567
252.41047884 554
253.065873287 546
253.721267734 591
254.37666218 527
255.032056627 470
255.687451074 489
256.342845521 472
256.998239967 475
257.653634414 419
258.309028861 414
258.964423307 385
259.619817754 369
260.275212201 323
260.930606648 306
261.586001094 314
262.241395541 270
262.896789988 216
263.552184435 204
264.207578881 191
264.862973328 176
265.518367775 147
266.173762221 141
266.829156668 141
267.484551115 110
268.139945562 108
268.795340008 94
269.450734455 66
270.106128902 57
270.761523349 56
271.416917795 49
272.072312242 36
272.727706689 28
273.383101135 39
274.038495582 13
274.693890029 19
275.349284476 17
276.004678922 20
276.660073369 15
277.315467816 16
277.970862263 4
278.626256709 8
279.281651156 5
279.937045603 4
280.59244005 2
281.247834496 7
281.903228943 5
282.55862339 5
283.214017836 2
283.869412283 1
284.52480673 1
285.180201177 0
285.835595623 0
286.49099007 1
287.146384517 0
287.801778964 0
288.45717341 1
