919
994
1001
1108
1152
1203
1232
1244
1286
1296
1358
1386
1389
1419
1437
1455
1476
1532
1533
4289
6119
6138
6141
6146
6152
6153
6158
6167
6196
6201
6203
6210
6222
6236
6252
7380
7381
8569
8589
8603
8617
8626
8642
8686
8689
8690
8693
8707
8715
8740
8745
8758
8794
8802
10468
10469
10471
10472
10473
10474
10475
10476
10478
10480
10481
10482
10484
10485
10486
10487
10488
10490
10491
10492
10493
10494
10495
10496
10497
10498
10499
10500
10502
10503
10504
10506
10507
10508
10509
10510
10511
10512
10513
10514
10515
10516
10517
10518
10519
10520
10522
10524
11229
11320
11327
11473
11516
11540
11551
11664
13808
13810
13812
13813
13821
13825
13826
13836
13837
13838
13839
13841
13845
13846
13849
13854
13855
14937
14938
14939
14941
14943
14945
14946
14948
14993
