895.360219710557 1
896.1702617428698 0
896.9803037751827 0
897.7903458074956 0
898.6003878398085 1
899.4104298721213 2
900.2204719044342 3
901.0305139367471 1
901.84055596906 2
902.6505980013728 3
903.4606400336858 1
904.2706820659986 3
905.0807240983115 7
905.8907661306243 8
906.7008081629373 8
907.5108501952501 16
908.320892227563 12
909.1309342598759 16
909.9409762921888 16
910.7510183245016 30
911.5610603568146 32
912.3711023891274 29
913.1811444214403 38
913.9911864537531 57
914.8012284860661 42
915.6112705183789 57
916.4213125506917 69
917.2313545830046 82
918.0413966153175 89
918.8514386476304 95
919.6614806799432 107
920.4715227122562 117
921.281564744569 133
922.0916067768819 132
922.9016488091947 159
923.7116908415077 177
924.5217328738205 183
925.3317749061334 169
926.1418169384463 207
926.9518589707592 194
927.761901003072 192
928.571943035385 218
929.3819850676978 229
930.1920271000107 227
931.0020691323235 204
931.8121111646365 217
932.6221531969493 225
933.4321952292622 229
934.242237261575 237
935.052279293888 231
935.8623213262008 211
936.6723633585136 199
937.4824053908266 198
938.2924474231394 213
939.1024894554523 175
939.9125314877651 155
940.7225735200781 164
941.5326155523909 143
942.3426575847038 153
943.1526996170167 114
943.9627416493296 133
944.7727836816424 129
945.5828257139553 99
946.3928677462682 92
947.2029097785811 104
948.0129518108939 78
948.8229938432069 65
949.6330358755197 65
950.4430779078326 58
951.2531199401454 42
952.0631619724584 37
952.8732040047712 34
953.6832460370841 36
954.493288069397 29
955.3033301017099 36
956.1133721340227 31
956.9234141663355 16
957.7334561986485 17
958.5434982309614 13
959.3535402632742 19
960.163582295587 11
960.9736243279 12
961.7836663602128 5
962.5937083925257 13
963.4037504248386 6
964.2137924571515 5
965.0238344894643 4
965.8338765217773 5
966.6439185540901 5
967.453960586403 2
968.2640026187158 3
969.0740446510288 2
969.8840866833416 2
970.6941287156545 4
971.5041707479674 1
972.3142127802803 1
973.1242548125931 0
973.934296844906 1
974.7443388772189 1
975.5543809095318 2
