4.97775661945343 0.0 1.0 0.0
7.97775661945343 1.0 0.0 0.2733333333333333
10.97775661945343 1.125921368303663e-226 0.28747797319545365 61.4
13.97775661945343 9.622037816715467e-185 0.2498556113730532 93.56
16.97775661945343 3.427289841587524e-172 0.23671120579802113 98.1
19.97775661945343 2.4424256763381618e-123 0.19844492097919944 99.41333333333333
22.97775661945343 6.212182187481082e-77 0.15520943183181832 99.72
25.97775661945343 6.391529588224838e-58 0.13496639289276038 99.96666666666667
28.97775661945343 1.167224106651064e-07 0.043262524352024594 99.70666666666666
31.97775661945343 1.0 0.0 99.89333333333333
34.97775661945343 1.0 0.0 99.99333333333334
37.97775661945343 1.0 0.0 100.0
40.97775661945343 1.0 0.0 100.0
43.97775661945343 1.0 0.0 100.0
46.97775661945343 1.0 0.0 100.0
49.97775661945343 1.0 0.0 100.0
