897.2652341446542 1
898.122189519333 0
898.9791448940119 0
899.8361002686908 1
900.6930556433697 3
901.5500110180485 2
902.4069663927274 0
903.2639217674063 2
904.1208771420852 1
904.977832516764 5
905.8347878914428 11
906.6917432661218 7
907.5486986408006 10
908.4056540154795 14
909.2626093901583 9
910.1195647648373 18
910.9765201395161 26
911.833475514195 32
912.6904308888738 40
913.5473862635528 41
914.4043416382316 45
915.2612970129104 49
916.1182523875893 55
916.9752077622682 77
917.8321631369471 94
918.6891185116259 106
919.5460738863048 98
920.4030292609837 111
921.2599846356626 119
922.1169400103414 144
922.9738953850203 133
923.8308507596992 156
924.687806134378 177
925.5447615090569 183
926.4017168837357 217
927.2586722584147 219
928.1156276330935 198
928.9725830077724 202
929.8295383824512 201
930.6864937571302 254
931.543449131809 237
932.4004045064878 238
933.2573598811667 241
934.1143152558456 219
934.9712706305245 214
935.8282260052033 209
936.6851813798822 240
937.542136754561 218
938.39909212924 196
939.2560475039188 217
940.1130028785976 195
940.9699582532766 183
941.8269136279554 181
942.6838690026343 163
943.5408243773131 157
944.3977797519921 158
945.2547351266709 136
946.1116905013498 117
946.9686458760286 104
947.8256012507076 110
948.6825566253864 76
949.5395120000652 85
950.3964673747441 62
951.253422749423 55
952.1103781241019 62
952.9673334987807 52
953.8242888734596 62
954.6812442481385 44
955.5381996228174 35
956.3951549974962 32
957.2521103721751 25
958.109065746854 22
958.9660211215328 19
959.8229764962117 12
960.6799318708905 16
961.5368872455695 16
962.3938426202483 13
963.2507979949272 7
964.107753369606 10
964.964708744285 8
965.8216641189638 9
966.6786194936426 5
967.5355748683215 5
968.3925302430004 4
969.2494856176793 1
970.1064409923581 1
970.963396367037 3
971.8203517417159 4
972.6773071163948 3
973.5342624910736 1
974.3912178657524 1
975.2481732404314 4
976.1051286151102 0
976.9620839897891 0
977.8190393644679 0
978.6759947391469 1
979.5329501138257 0
980.3899054885046 0
981.2468608631834 0
982.1038162378624 1
